0 0.159761 0.141544 0.080832 0.094893
0 0.253714 0.141277 0.081412 0.095392
0 0.338261 0.141523 0.062622 0.094899
0 0.416891 0.141523 0.072370 0.094899
0 0.500739 0.141523 0.063328 0.095885
0 0.580765 0.141277 0.060538 0.096378
0 0.654870 0.140784 0.066798 0.096378
0 0.733853 0.141277 0.064714 0.097363
0 0.179370 0.260279 0.116672 0.082019
0 0.834748 0.148174 0.123160 0.085540
0 0.309592 0.260071 0.116109 0.083302
0 0.437983 0.258996 0.117815 0.082007
0 0.569681 0.258795 0.116672 0.082447
0 0.701097 0.256660 0.125706 0.086681
0 0.836723 0.253890 0.131092 0.091390
0 0.179971 0.374388 0.126294 0.099442
0 0.313782 0.373964 0.117277 0.099448
0 0.441882 0.373753 0.118471 0.099869
0 0.575092 0.373328 0.125092 0.099020
0 0.708908 0.372690 0.122084 0.098599
0 0.840786 0.371612 0.128966 0.102844
0 0.170046 0.485947 0.112462 0.093070
0 0.291517 0.485309 0.118496 0.092648
0 0.410626 0.485523 0.106479 0.092221
0 0.519147 0.485095 0.097454 0.092221
