0 0.847773 0.114935 0.068655 0.053504
0 0.793181 0.185445 0.051840 0.063967
0 0.862718 0.187482 0.069118 0.059893
0 0.720206 0.286627 0.052529 0.039216
0 0.786550 0.286891 0.056244 0.039745
0 0.854038 0.286891 0.051739 0.039745
0 0.692437 0.343590 0.083983 0.041859
0 0.862571 0.401490 0.084958 0.044109
0 0.775008 0.466633 0.104034 0.047779
0 0.652773 0.466428 0.102303 0.046562
0 0.165853 0.459691 0.090160 0.051865
0 0.275950 0.459691 0.105765 0.051865
0 0.386336 0.459281 0.089580 0.051865
0 0.498462 0.459077 0.105765 0.052274
0 0.336634 0.515436 0.078025 0.044923
0 0.480252 0.515436 0.102874 0.044923
0 0.600761 0.515436 0.102294 0.045742
0 0.373723 0.746885 0.058017 0.048593
0 0.763710 0.745873 0.090244 0.057696
