0 0.216344 0.195344 0.106054 0.079564
0 0.310245 0.183223 0.059657 0.055322
0 0.405474 0.200467 0.056536 0.071364
0 0.185061 0.385347 0.123227 0.142235
0 0.308538 0.385742 0.104297 0.143024
0 0.423321 0.385941 0.101740 0.142626
0 0.210335 0.543570 0.081307 0.150246
0 0.292308 0.539299 0.064959 0.155366
0 0.380907 0.564044 0.090147 0.107254
0 0.299506 0.663867 0.268668 0.081269
0 0.226597 0.763235 0.197083 0.106534
0 0.403570 0.734722 0.130359 0.045417
0 0.173566 0.870625 0.064518 0.100732
0 0.263717 0.869599 0.090147 0.080246
0 0.378386 0.867039 0.113570 0.053952
0 0.675192 0.478718 0.216201 0.273548
0 0.677169 0.778273 0.109289 0.307203
0 0.679935 0.218908 0.105163 0.137475
