0 0.241303 0.133630 0.237395 0.089245
0 0.433063 0.144219 0.199403 0.093191
0 0.620441 0.145365 0.242899 0.113904
0 0.812689 0.140523 0.206555 0.102436
0 0.226550 0.259008 0.205874 0.102400
0 0.444441 0.256254 0.185739 0.091378
0 0.627261 0.253520 0.211076 0.084997
0 0.805861 0.253728 0.217571 0.083571
0 0.224277 0.376566 0.200034 0.082198
0 0.415866 0.375187 0.206521 0.097813
0 0.631160 0.372193 0.216269 0.069875
0 0.812034 0.374584 0.205227 0.099186
0 0.240836 0.478509 0.233151 0.075769
0 0.439899 0.488841 0.220807 0.106536
0 0.629861 0.487237 0.201975 0.101485
0 0.811059 0.486087 0.208471 0.078069
0 0.224924 0.600888 0.203933 0.063369
0 0.438920 0.599970 0.204580 0.060618
0 0.635055 0.603417 0.153924 0.091384
0 0.816576 0.599284 0.197437 0.084034
0 0.233693 0.712017 0.220160 0.089085
0 0.445088 0.712249 0.220815 0.089548
0 0.626937 0.718217 0.201336 0.104242
0 0.821450 0.719133 0.187689 0.095068
0 0.236618 0.828657 0.226008 0.089091
0 0.431454 0.827968 0.227311 0.089542
0 0.628563 0.826821 0.207176 0.081735
0 0.822424 0.826132 0.185739 0.080357
